


                           FOREIGN PURCHASES AND SALES OF LONG-TERM DOMESTIC AND FOREIGN SECURITIES BY TYPE
       Data column titles correspond to column titles in Treasury Bulletin Table CM-VI-4, excluding CM-VI-4 columns (1) and (8).
                                                    All Countries and IROs (99996)
                                                  All amounts in millions of dollars.


                  <------------Gross Purchases by Foreigners------------>     <--------------Gross Sales by Foreigners-------------->
                  <-----------------from U.S. Residents----------------->     <------------------to U.S. Residents------------------>

                   U.S.      U.S.                                              U.S.      U.S.
                Treasury    Gov't      U.S.      U.S.                       Treasury    Gov't      U.S.      U.S.
Cntry            Bonds &   Agency     Corp.     Corp.    Foreign   Foreign   Bonds &   Agency     Corp.     Corp.    Foreign   Foreign
Code    Year-Mo   Notes     Bonds     Bonds    Stocks     Bonds    Stocks     Notes     Bonds     Bonds    Stocks     Bonds    Stocks
-----   ------- --------- --------- --------- --------- --------- --------- --------- --------- --------- --------- --------- ---------
99996   2023-01 2,013,010    99,303   170,298 2,203,544 1,894,461   576,790 1,962,067    93,424   167,876 2,231,065 1,886,340   584,779
99996   2022-12 1,640,825   114,602   153,494 2,512,386 1,525,425   625,136 1,620,847   100,655   139,115 2,457,406 1,495,776   605,314
99996   2022-11 1,936,713   118,559   180,586 2,603,147 1,835,847   598,442 1,882,504    96,562   159,077 2,560,240 1,807,234   596,161
99996   2022-10 1,851,099   131,462   160,700 2,374,136 1,677,646   494,188 1,789,192   107,215   158,805 2,398,505 1,666,686   500,990
99996   2022-09 2,042,012   126,686   180,370 2,460,113 1,948,280   517,412 1,981,582    98,418   174,847 2,460,942 1,936,631   504,796
99996   2022-08 2,460,698   116,798   183,556 2,391,818 1,781,059   521,229 2,285,536    98,269   174,052 2,419,212 1,757,496   522,325
99996   2022-07 1,672,877   119,783   165,417 2,012,280 1,650,961   479,973 1,649,858    97,166   156,633 2,072,599 1,614,823   488,885
99996   2022-06 2,025,331   306,002   194,736 2,710,400 1,558,462   648,716 1,966,433   282,284   180,744 2,735,764 1,525,679   630,981
99996   2022-05 2,416,831   320,381   204,690 2,962,272 1,682,411   602,874 2,316,967   283,098   200,228 2,971,422 1,669,255   593,229
99996   2022-04 1,960,674   377,103   208,496 2,518,247 1,475,461   562,976 1,962,063   340,389   186,037 2,525,129 1,446,230   555,493
99996   2022-03 2,771,982   397,474   276,634 3,272,777 1,873,715   848,197 2,723,028   365,082   243,217 3,367,199 1,866,370   852,232
99996   2022-02 2,435,692   445,664   195,421 2,686,492 1,399,828   616,571 2,357,317   424,387   175,094 2,711,866 1,364,485   601,533
99996   2022-01 2,326,066   397,572   179,476 2,840,691 1,273,443   637,272 2,251,447   374,938   171,840 2,891,319 1,250,228   656,162
99996   2021-12 1,948,968   368,531   161,170 3,192,787 1,052,617   687,950 1,904,766   362,281   165,185 3,162,337 1,020,111   682,829
99996   2021-11 2,548,327   390,276   205,040 2,690,540 1,676,551   663,444 2,482,272   370,725   195,215 2,682,188 1,648,673   657,199
99996   2021-10 2,122,388   407,251   230,478 2,322,441 1,582,306   613,024 2,165,910   375,991   218,483 2,344,268 1,549,009   617,160
99996   2021-09 2,027,266   464,027   221,513 2,611,532 1,637,201   674,906 2,025,902   441,301   220,421 2,622,483 1,615,123   684,565
99996   2021-08 2,288,041   457,141   213,470 2,315,323 1,424,571   628,630 2,255,616   439,105   198,667 2,306,690 1,405,915   641,740
99996   2021-07 1,792,198   425,832   199,936 2,304,579 1,626,006   655,211 1,782,006   405,089   210,953 2,338,886 1,592,214   672,759
99996   2021-06 2,431,828   469,193   239,936 2,792,029 1,616,347   729,791 2,420,965   446,451   226,101 2,766,828 1,585,600   722,223
99996   2021-05 1,778,914   415,012   200,411 2,363,698 1,520,757   649,600 1,872,270   377,194   183,101 2,366,054 1,494,492   665,204
99996   2021-04 1,909,671   439,931   210,528 2,288,636 1,661,285   680,972 1,860,099   393,144   200,380 2,301,688 1,624,228   710,622
99996   2021-03 2,647,621   441,854   295,533 3,086,996 1,659,322   956,666 2,528,748   428,062   252,390 3,055,119 1,596,238   965,497
99996   2021-02 2,192,784   376,214   236,124 2,337,447 1,398,621   773,268 2,258,248   346,566   221,618 2,323,282 1,390,039   770,164
99996   2021-01 1,695,583   400,664   208,995 2,309,311 1,268,744   743,333 1,744,597   348,488   190,119 2,297,669 1,233,973   721,082
99996   2020-12 1,525,535   386,127   179,363 2,401,383 1,025,083   724,256 1,546,231   334,891   190,758 2,322,786 1,011,724   713,963
99996   2020-11 1,405,655   372,831   211,208 2,087,461 1,453,187   686,477 1,396,008   319,440   210,341 2,026,358 1,439,993   676,431
99996   2020-10 1,160,657   315,739   213,069 1,868,142 1,577,224   538,721 1,180,730   266,791   234,580 1,844,866 1,567,684   527,830
99996   2020-09 1,284,653   270,221   193,657 2,087,150 1,486,313   555,263 1,262,122   223,973   222,383 2,048,986 1,462,770   548,154
99996   2020-08 1,415,923   261,696   205,197 1,734,928 1,194,481   507,120 1,448,978   223,956   202,896 1,708,352 1,200,077   507,274
99996   2020-07 1,197,988   235,298   168,746 1,821,041 1,414,899   586,204 1,220,775   200,855   223,091 1,804,496 1,402,515   561,157
99996   2020-06 1,665,880   226,989   242,896 2,184,013 1,380,297   677,714 1,636,992   188,969   259,497 2,155,483 1,365,522   658,294
99996   2020-05 1,488,762   270,156   253,511 1,749,612 1,312,645   567,316 1,525,447   267,725   239,901 1,669,871 1,279,607   541,382
99996   2020-04 1,432,753   310,197   264,952 1,757,278 1,397,810   550,504 1,620,314   289,054   253,644 1,762,755 1,388,587   534,029
99996   2020-03 2,671,311   357,281   271,500 3,076,277 1,578,002   855,026 2,982,104   295,793   266,586 3,073,810 1,464,983   854,223
99996   2020-02 1,789,180   267,551   179,213 1,898,680   965,532   522,298 1,786,039   228,122   199,496 1,886,997   956,336   519,141
99996   2020-01 1,712,583   235,201   157,761 1,792,103 1,195,706   502,555 1,685,182   202,939   189,314 1,786,311 1,188,211   522,472
99996   2019-12 1,488,851   234,389   127,400 1,747,189   851,019   483,007 1,446,638   218,507   145,560 1,721,029   830,639   479,756
99996   2019-11 1,403,048   240,820   153,468 1,608,930 1,107,834   483,673 1,442,645   212,509   142,644 1,600,409 1,094,868   477,565
99996   2019-10 1,407,851   220,363   132,117 1,617,621 1,186,583   487,100 1,424,609   188,474   138,704 1,621,860 1,161,802   479,787
99996   2019-09 1,642,652   230,947   157,949 1,525,850 1,281,212   461,178 1,682,681   204,927   143,056 1,517,025 1,256,211   446,779
99996   2019-08 1,671,373   208,264   149,318 1,721,288 1,058,545   475,768 1,709,765   177,761   170,295 1,742,275 1,063,993   469,457
99996   2019-07 1,541,416   210,886   134,939 1,477,596 1,246,885   443,684 1,534,565   171,242   137,694 1,453,395 1,232,982   445,640
99996   2019-06 1,631,605   212,392   149,814 1,516,552 1,112,927   453,561 1,641,527   174,852   140,551 1,490,195 1,099,585   431,948
99996   2019-05 1,647,750   163,672   149,950 1,691,778 1,013,934   502,376 1,679,387   148,799   135,323 1,693,223 1,002,931   504,030
99996   2019-04 1,327,332   200,353   137,744 1,415,983 1,008,766   454,502 1,318,936   175,048   142,709 1,417,010   998,036   454,740
99996   2019-03 1,527,696   161,121   164,484 1,562,951 1,136,958   470,364 1,534,169   156,382   160,567 1,586,590 1,129,908   475,335
99996   2019-02 1,509,992   157,088   147,242 1,308,848   954,445   411,719 1,497,092   134,620   136,500 1,319,515   953,072   403,379
99996   2019-01 1,467,905   340,781   145,955 1,421,261 1,099,956   439,943 1,488,946   317,850   141,046 1,452,817 1,078,998   448,345
99996   2018-12 1,273,590   159,947    90,547 1,514,911   785,584   453,625 1,347,363   144,915   101,358 1,533,091   754,487   441,712
99996   2018-11 1,349,358   167,483   112,104 1,667,600 1,049,657   500,583 1,362,562   147,931   115,755 1,673,264 1,023,401   491,308
99996   2018-10 1,494,564   177,532   127,184 1,907,804 1,028,670   560,233 1,492,844   165,943   124,870 1,929,992   996,053   554,370
99996   2018-09 1,057,882   175,852   107,170 1,342,017   908,042   440,385 1,069,421   146,003   101,108 1,358,930   884,872   440,179
99996   2018-08 1,223,280   160,901   114,463 1,441,440   979,095   487,327 1,160,149   144,897    99,548 1,458,395   923,076   488,798
99996   2018-07 1,122,856   160,150    96,554 1,354,763   890,856   447,630 1,103,918   136,537    90,561 1,368,851   858,003   446,310
99996   2018-06 1,105,441   152,626   123,827 1,511,599   863,321   538,115 1,154,014   132,741   113,646 1,538,647   847,914   544,473
99996   2018-05 1,397,530   152,715   134,753 1,430,294   935,408   493,326 1,370,831   137,495   127,497 1,456,938   909,327   494,349
99996   2018-04 1,207,075   143,881   124,025 1,359,863   918,480   553,204 1,211,851   124,161   122,435 1,353,801   879,919   520,422
99996   2018-03 1,157,036   165,797   151,687 1,489,735   973,037   502,476 1,161,959   140,520   129,317 1,511,312   935,258   496,598
99996   2018-02 1,437,799   163,541   119,173 1,582,505   831,982   499,727 1,394,613   151,720   115,640 1,583,431   835,050   505,234
99996   2018-01 1,237,127   158,024   116,381 1,479,294   986,774   499,772 1,228,777   135,502   119,249 1,444,898   978,777   508,770
99996   2017-12 1,031,767   170,004    91,355 1,345,278   623,911   445,729 1,047,727   153,562    92,616 1,313,495   622,550   454,881
99996   2017-11 1,268,095   168,849   150,904 1,173,571   855,820   461,323 1,286,920   156,582   122,265 1,160,945   834,593   459,880
99996   2017-10 1,249,428   144,526   137,078 1,175,547   861,667   431,608 1,271,692   134,555   126,631 1,163,236   833,902   443,635
99996   2017-09 1,147,920   149,656   140,332 1,153,060   935,595   427,350 1,135,185   140,771   125,877 1,126,802   911,433   431,416
99996   2017-08 1,235,850   147,438   136,439 1,146,372   750,348   417,902 1,218,373   138,202   117,215 1,151,713   718,104   417,547
99996   2017-07 1,069,198   136,108   115,724 1,001,502   737,142   363,014 1,069,688   125,819   112,797 1,013,491   725,461   378,527
99996   2017-06 1,391,303   135,639   130,141 1,218,204   778,555   452,876 1,371,571   118,443   127,334 1,222,676   764,208   468,097
99996   2017-05 1,454,105   142,627   162,426 1,195,575   764,805   426,439 1,407,738   120,283   136,359 1,194,848   754,729   440,095
99996   2017-04   990,140   123,854   107,379   942,389   627,845   320,653 1,012,668   119,631    99,605   928,057   599,623   343,021
99996   2017-03 1,469,954   151,298   151,752 1,161,636   738,689   423,266 1,445,569   152,378   143,026 1,158,139   703,448   426,493
99996   2017-02 1,231,720   168,587   128,388   958,122   594,452   356,984 1,245,195   155,852   110,801   936,698   567,829   363,068
99996   2017-01 1,240,039   175,928    99,127   885,342   595,729   319,309 1,247,213   163,376   105,046   867,658   595,490   326,077
99996   2016-12 1,098,076   153,812    91,671   997,504   484,569   350,229 1,120,579   141,155    87,120 1,005,358   465,289   365,504
99996   2016-11 1,422,785   147,864    98,590 1,131,725   544,651   387,030 1,422,467   132,213    91,314 1,134,483   527,631   383,717
99996   2016-10 1,190,233   151,747   100,172   946,047   520,204   339,811 1,250,001   129,687    95,062   923,493   499,622   342,108
99996   2016-09 1,221,071   161,446    93,440   938,448   556,846   347,310 1,295,400   137,523    92,584   940,294   534,476   346,896
99996   2016-08 1,333,324   166,839   102,621   949,772   433,765   356,944 1,356,109   142,848    82,905   946,663   413,683   356,838
99996   2016-07 1,113,595   166,266   100,772   893,194   478,456   341,787 1,126,345   132,818    84,432   865,288   446,363   340,098
99996   2016-06 1,317,016   147,279   104,649   969,331   428,574   384,937 1,343,769   122,395    96,594   977,155   426,912   394,562
99996   2016-05 1,278,507   147,799   123,422   948,177   440,088   353,575 1,298,371   120,974   103,850   958,372   412,876   351,351
99996   2016-04 1,102,621   129,426    96,061   883,592   530,187   368,503 1,176,521   101,158    95,383   884,404   526,426   386,011
99996   2016-03 1,333,678   149,093   123,563   932,876   518,644   403,421 1,307,242   119,607    98,035   949,055   495,549   413,680
99996   2016-02 1,496,328   139,606   100,140 1,005,582   403,735   394,582 1,485,924   121,097    87,971 1,019,777   359,854   396,252
99996   2016-01 1,208,956   111,681    77,793   934,371   409,313   347,194 1,259,254   105,456    72,932   933,151   381,606   353,988
99996   2015-12 1,100,951   106,462    74,049   906,604   374,836   371,317 1,136,856   104,709    69,526   920,366   355,756   376,063
99996   2015-11 1,257,377   124,807    91,367   896,992   437,566   365,659 1,219,005   110,871    86,313   910,065   448,870   364,002
99996   2015-10 1,248,534   108,367   103,404   959,025   540,653   398,232 1,303,687    98,301    91,300   971,828   504,551   403,022
99996   2015-09 1,435,371   120,643    91,634   875,140   505,440   341,491 1,418,014   116,022    75,994   907,311   470,599   352,138
99996   2015-08 1,419,064   112,778    75,091 1,004,635   429,010   395,404 1,454,030   103,044    65,583 1,016,997   386,537   395,520
99996   2015-07 1,413,923   113,641   104,016 1,074,715   594,110   421,744 1,442,640   103,254    85,001 1,068,346   573,671   438,830
99996   2015-06 1,599,945   119,213   112,031   893,551   606,571   426,027 1,527,935    93,606    98,160   915,694   577,202   439,444
99996   2015-05 1,308,873   118,644   124,487   869,617   549,294   398,751 1,255,515   103,703   100,110   879,511   524,364   410,012
99996   2015-04 1,177,031   140,705    92,021   857,661   522,531   449,634 1,170,590   110,487    87,699   853,223   489,156   470,361
99996   2015-03 1,545,890   119,758   125,308   962,027   507,980   456,977 1,537,853   102,342   113,810   988,972   500,737   469,351
99996   2015-02 1,455,205   107,397   106,384   858,712   409,256   384,117 1,461,354    98,461    97,059   857,866   395,185   391,455
99996   2015-01 1,304,236   101,553    85,238   901,533   459,014   381,416 1,359,223    92,445    79,525   884,962   433,145   394,615
99996   2014-12 1,383,887    87,419    84,244   893,270   346,373   407,187 1,399,489    86,188    77,125   888,362   309,086   402,881
99996   2014-11 1,086,690   122,588   103,923   763,051   318,959   361,159 1,091,523    89,298    78,788   757,280   315,365   390,438
99996   2014-10 1,673,185   101,641   104,125   928,933   441,059   415,825 1,672,646    97,791    96,230   956,174   413,485   429,795
99996   2014-09 1,517,919   114,849   106,121   660,192   452,117   400,931 1,469,780    93,886    87,962   655,757   411,971   374,943
99996   2014-08 1,272,909    91,744    76,596   621,470   318,030   334,699 1,247,205    81,454    83,901   623,615   309,965   317,240
99996   2014-07 1,133,812    96,370    86,420   655,730   372,590   330,547 1,134,640    88,891    93,509   659,227   378,732   339,116
99996   2014-06 1,360,202    93,690    95,139   688,676   442,351   368,084 1,380,998    90,298    98,747   686,065   455,901   355,158
99996   2014-05 1,388,388    84,248    97,225   730,030   427,712   349,981 1,360,357    77,692   104,998   720,230   429,046   367,203
99996   2014-04 1,460,013    83,566    83,414   817,932   415,327   363,285 1,470,602    85,648    91,924   806,738   415,869   391,285
99996   2014-03 1,642,589    76,223    93,812   730,000   436,045   377,796 1,612,735    84,827    86,850   745,266   434,840   435,206
99996   2014-02 1,356,697    79,245    75,305   715,491   352,422   337,998 1,266,242    77,740    77,362   716,379   352,376   339,506
99996   2014-01 1,468,575    83,141    79,774   719,381   428,155   345,229 1,473,162    86,407    84,659   725,076   395,309   357,813
99996   2013-12 1,249,756    87,685    64,894   645,237   287,521   300,713 1,232,903   101,567    71,826   659,885   297,674   319,951
99996   2013-11 1,221,615   106,389    79,315   671,396   356,486   333,897 1,221,738   105,694    81,098   679,320   370,987   338,328
99996   2013-10 1,404,702   110,850    81,520   697,856   419,919   331,855 1,373,769   108,067    75,789   691,044   427,846   344,520
99996   2013-09 1,549,410   114,908    92,351   583,680   373,563   327,382 1,520,830   100,163    84,210   571,188   398,342   334,230
99996   2013-08 1,517,822   117,073    62,995   576,449   325,768   289,425 1,532,151    97,564    63,319   593,329   314,718   301,786
99996   2013-07 1,535,224   134,194    64,106   617,179   358,322   319,499 1,510,526   111,684    64,737   626,680   357,905   335,531
99996   2013-06 1,789,560   136,332    72,840   628,607   355,476   323,026 1,830,385   138,415    81,403   655,739   340,625   326,539
99996   2013-05 1,857,255   112,458   108,479   690,700   381,897   353,064 1,846,241   122,775    99,327   698,939   392,628   369,158
99996   2013-04 1,499,691   121,322    73,239   680,339   389,635   332,118 1,538,465    98,500    78,158   669,329   384,856   349,333
99996   2013-03 1,439,802   112,522    77,085   612,550   367,061   316,465 1,451,005   103,865    83,742   605,304   367,892   343,337
99996   2013-02 1,502,438   110,052    78,118   622,418   328,595   295,500 1,500,142   108,476    68,857   624,940   334,704   314,503
99996   2013-01 1,192,886   114,005    80,006   670,619   373,790   316,046 1,161,128   109,558    72,138   664,576   376,606   335,940
99996   2012-12   975,608   126,485    69,891   601,405   297,498   281,865   945,680   108,354    67,465   576,181   303,728   286,723
99996   2012-11 1,038,864   126,851    67,884   584,514   381,874   245,745 1,014,292   117,388    59,694   561,999   385,100   252,490
99996   2012-10 1,153,222   150,963    86,800   704,344   385,711   280,691 1,139,446   139,026    82,582   700,683   411,239   280,595
99996   2012-09 1,128,198   153,095    76,914   631,231   348,149   273,308 1,148,489   129,065    82,832   606,664   369,815   266,512
99996   2012-08 1,201,235   151,286    82,686   615,879   271,208   249,715 1,162,581   125,576    69,795   610,263   257,796   252,201
99996   2012-07 1,153,090   125,072    58,838   587,103   287,883   269,782 1,096,710   116,572    59,312   578,980   278,998   270,545
99996   2012-06 1,204,424   143,117    57,882   592,995   328,275   273,165 1,170,922   140,834    81,452   595,673   316,625   279,152
99996   2012-05 1,455,952   129,740    70,839   676,546   334,609   304,932 1,381,028   116,841    77,243   674,022   318,368   314,543
99996   2012-04 1,371,489   114,728    62,286   588,638   310,384   304,582 1,324,792   118,890    65,525   586,432   307,158   308,034
99996   2012-03 1,375,527   105,609    83,914   657,870   374,851   344,500 1,358,047   101,743    88,039   652,484   357,522   347,798
99996   2012-02 1,414,209    91,459    82,273   606,659   319,624   324,838 1,401,046    82,300    89,378   599,386   328,207   331,161
99996   2012-01 1,323,135   101,303    69,904   561,403   310,257   281,999 1,235,476    90,162    70,867   557,029   295,890   286,450
99996   2011-12   961,287   104,558    54,533   531,589   256,131   287,238   974,400    77,343    75,247   542,557   227,963   276,918
99996   2011-11 1,364,802   108,975    72,086   575,840   299,820   288,295 1,304,013   102,807    67,251   582,984   297,851   286,943
99996   2011-10 1,375,852   101,249    60,752   634,396   264,710   309,463 1,354,321    96,539    71,329   631,644   266,628   311,653
99996   2011-09 1,523,075   121,204    63,763   635,626   260,216   315,014 1,428,706   114,765    68,699   655,024   262,244   313,022
99996   2011-08 2,117,210    98,874    84,324   901,462   250,806   380,262 2,050,177    91,181    83,523   907,982   258,729   383,420
99996   2011-07 1,323,450    92,031    77,458   606,495   283,980   306,699 1,308,133    84,250    75,580   607,573   289,954   322,638
99996   2011-06 1,712,467    82,590   113,603   665,514   355,659   342,525 1,710,576    82,825   126,081   661,721   348,011   340,884
99996   2011-05 1,645,567    75,142    86,850   673,830   306,409   342,569 1,596,849    83,674    82,697   664,584   332,240   348,965
99996   2011-04 1,266,219    86,296    85,131   593,124   310,066   329,053 1,241,050    79,383    89,716   575,328   320,486   342,180
99996   2011-03 1,734,903    87,469   108,671   732,435   376,791   405,044 1,705,578    75,616   107,161   717,876   406,210   418,950
99996   2011-02 1,516,388    77,351    92,271   595,065   291,882   344,391 1,483,656    78,396    96,599   588,974   290,233   357,830
99996   2011-01 1,428,660    96,826    96,659   574,907   274,344   317,931 1,379,850    84,882    97,393   558,961   282,890   336,783
99996   2010-12 1,424,061    97,125    79,908   540,138   230,791   319,975 1,371,016    87,071    77,004   533,375   233,769   328,458
99996   2010-11 1,770,566   106,644    90,309   569,668   264,879   337,400 1,709,893    92,642    85,897   556,371   264,274   346,030
99996   2010-10 1,272,329   116,139    98,599   556,356   255,159   356,515 1,249,017   114,470    91,416   540,158   264,164   366,479
99996   2010-09 1,433,672   120,514   106,486   493,567   308,059   298,916 1,356,521   144,075   101,762   472,927   306,109   304,377
99996   2010-08 1,468,613    93,165    80,692   482,535   216,284   271,380 1,350,601    88,106    73,180   477,609   232,236   264,450
99996   2010-07 1,015,248    96,123    69,948   513,047   243,360   270,104   985,090    71,600    64,596   500,343   250,489   276,273
99996   2010-06 1,321,742   104,380    65,900   593,016   279,559   303,487 1,290,014    84,887    83,391   597,242   270,159   299,398
99996   2010-05 1,430,880    90,439    65,683   734,544   321,860   353,204 1,415,891    64,159    79,248   734,548   307,666   363,196
99996   2010-04 1,249,992    79,718    83,516   584,772   403,682   309,431 1,172,806    67,272    75,773   574,995   419,857   322,777
99996   2010-03 1,545,948    82,199   101,851   578,376   465,599   305,185 1,438,300    61,630    86,605   566,288   478,627   308,011
99996   2010-02 1,213,145    65,691    62,415   558,397   352,540   266,509 1,164,943    63,105    74,912   545,431   353,039   267,915
99996   2010-01 1,043,716    56,516    65,939   542,802   308,378   281,542   982,138    61,617    90,616   538,190   324,405   286,899
99996   2009-12 1,062,050    61,619    77,437   556,738   182,108   270,430   992,233    61,568    85,369   536,754   188,730   272,007
99996   2009-11 1,194,188    66,894    82,222   550,989   198,798   283,196 1,076,313    60,986    86,826   541,266   203,896   280,584
99996   2009-10 1,215,277    73,649   100,306   603,120   232,592   322,827 1,176,367    79,007   101,150   592,822   251,956   327,154
99996   2009-09 1,108,117    73,910    94,617   538,439   202,912   287,316 1,063,432    75,537    97,132   522,767   218,442   286,786
99996   2009-08 1,065,820    77,437    87,650   513,106   139,138   250,641 1,037,763    72,844    93,318   500,850   129,114   263,523
99996   2009-07   942,876    73,986    90,973   541,723   182,628   255,855   911,624    78,423   101,796   511,931   196,802   270,077
99996   2009-06 1,256,727   102,376   107,448   574,139   192,283   292,967 1,156,228    94,499   110,309   554,259   211,797   306,882
99996   2009-05   786,884    91,436   103,312   566,651   144,370   255,645   809,460    78,295   102,493   548,768   160,421   266,456
99996   2009-04   733,806   104,612    86,452   560,480   131,231   250,662   691,837   106,984    95,817   556,567   145,000   259,590
99996   2009-03   903,935    91,538   131,686   630,631   127,519   252,783   848,694   107,204   124,316   615,872   127,863   253,375
99996   2009-02   702,379   120,088   133,845   500,732   103,180   211,722   680,644   118,053   130,851   504,936   103,292   210,084
99996   2009-01   621,144   105,633    93,443   517,209   115,180   235,457   610,220   121,269   100,788   514,431   142,100   232,343
99996   2008-12   668,008   112,929   139,661   572,642   105,394   251,813   653,424   150,240    97,979   568,546    93,151   251,328
99996   2008-11   689,614   141,453    81,475   649,502   123,696   293,154   715,398   163,685    97,690   644,547   113,478   271,892
99996   2008-10 1,180,184   202,377    91,089 1,041,016   178,640   472,721 1,147,481   252,239   104,472 1,043,952   171,946   451,328
99996   2008-09 1,628,400   190,617    93,859 1,168,886   227,068   482,935 1,608,284   186,120   102,298 1,157,374   193,183   485,407
99996   2008-08 1,022,035   155,794    80,587   905,531   157,519   428,218   989,198   179,983    93,717   906,513   140,148   425,367
99996   2008-07 1,274,643   173,505    97,810 1,273,558   159,469   560,901 1,240,631   215,571   101,948 1,279,336   145,261   544,007
99996   2008-06 1,375,654   227,298   125,002 1,066,219   189,226   500,117 1,347,640   197,940   120,317 1,068,001   207,034   498,450
99996   2008-05 1,156,223   255,882   189,665   997,461   182,595   494,660 1,154,423   230,353   129,823   981,481   193,656   512,766
99996   2008-04 1,202,021   259,359   164,754   958,436   193,365   505,496 1,125,429   247,169   139,751   970,005   185,785   505,741
99996   2008-03 1,459,154   332,852   140,391 1,134,086   264,947   487,580 1,408,151   316,718   145,082 1,122,710   266,022   490,502
99996   2008-02 1,485,680   279,910   138,092 1,009,448   241,756   442,265 1,473,440   246,344   118,825 1,007,396   239,945   460,545
99996   2008-01 1,487,597   258,286   125,084 1,261,143   247,961   523,407 1,450,834   242,564   121,690 1,243,271   268,085   525,688
99996   2007-12 1,000,665   227,714   140,595   944,624   170,163   430,970 1,000,242   234,973   103,296   911,164   185,871   430,973
99996   2007-11 1,504,227   174,264   121,884 1,101,407   209,698   521,977 1,484,402   150,791   105,804 1,096,657   201,392   512,361
99996   2007-10 1,338,029   179,040   166,764   999,347   264,633   546,421 1,283,105   164,162   133,854   969,083   273,696   541,396
99996   2007-09 1,223,098   182,090   134,280   799,640   200,822   359,679 1,198,798   170,608   118,362   797,033   219,902   380,977
99996   2007-08 1,735,183   166,107   155,190 1,278,771   282,141   544,133 1,739,700   157,752   156,145 1,319,388   304,500   556,922
99996   2007-07 1,244,811   164,857   137,269   926,770   289,744   454,080 1,254,171   156,190   132,545   905,578   288,914   468,969
99996   2007-06 1,373,271   171,020   184,509   896,023   278,799   442,893 1,348,968   131,426   154,529   866,150   285,458   451,336
99996   2007-05 1,186,840   165,332   215,879   861,753   292,299   442,782 1,164,182   138,288   137,513   819,709   314,072   455,369
99996   2007-04 1,036,536   159,266   142,698   690,355   258,295   365,942 1,036,073   123,145   109,070   662,749   269,321   368,932
99996   2007-03 1,490,732   159,064   188,997   880,537   275,682   421,498 1,459,631   143,916   142,838   871,052   308,396   431,537
99996   2007-02 1,112,067   142,900   162,526   630,077   232,843   354,806 1,094,368   137,677   112,834   617,593   236,978   369,264
99996   2007-01   882,067   158,797   162,716   630,011   218,211   330,583   865,919   122,544   113,162   607,638   218,735   343,028
99996   2006-12   953,054   154,126   168,025   568,205   194,990   315,773   942,680   126,320   131,659   579,756   226,556   335,365
99996   2006-11   998,940   140,618   175,385   603,507   193,973   332,232   965,579   124,892   111,589   596,404   205,159   353,891
99996   2006-10   956,490   127,613   148,282   637,372   162,165   336,651   931,133   113,845   108,382   610,269   171,171   344,473
99996   2006-09   907,546   123,862   162,018   557,610   146,233   271,458   905,253    98,410    99,029   542,908   161,386   280,036
99996   2006-08   908,506   127,232   135,723   578,255   140,237   279,510   865,600    94,047    90,698   570,171   150,391   273,281
99996   2006-07   815,413   123,739    96,672   536,046   124,756   256,382   804,531   104,923    76,465   521,751   142,257   258,930
99996   2006-06   911,728   125,717   136,108   617,298   144,141   314,605   882,984   102,711    94,400   618,924   155,169   311,888
99996   2006-05 1,087,836   147,871   147,002   684,146   179,603   389,444 1,072,483   111,894   104,696   670,129   198,371   397,379
99996   2006-04   719,529   129,696   120,292   513,772   132,493   283,594   723,037   111,691    78,975   501,388   140,141   295,146
99996   2006-03   976,935   118,944   151,117   577,474   171,607   310,438   968,251   103,435   101,848   554,625   180,108   323,207
99996   2006-02   868,431   127,229   130,713   494,941   146,228   288,872   849,055    97,169    93,024   477,115   146,184   300,453
99996   2006-01   853,528   125,513   107,127   499,945   143,287   257,226   851,814    96,359    76,893   474,716   147,272   268,591
99996   2005-12   599,609    94,276   107,408   421,895   117,158   230,215   582,585    83,058    71,567   411,562   122,773   246,636
99996   2005-11   841,022    89,895   111,065   419,618   108,319   237,208   789,196    78,789    72,768   413,895   108,656   254,627
99996   2005-10   806,733   112,108   101,238   462,722   148,155   234,829   776,569    79,309    64,933   454,339   145,908   240,806
99996   2005-09 1,013,739    96,726   114,276   445,019   122,213   198,605   991,540    77,529    70,267   421,986   140,035   204,914
99996   2005-08   832,694    93,424   109,802   395,049   123,768   188,106   807,131    77,648    73,039   393,147   107,164   205,089
99996   2005-07   745,118    97,566    90,185   354,081   107,213   164,363   716,447    62,878    66,794   346,363   116,092   173,171
99996   2005-06   923,155    85,647   138,317   376,542   141,848   164,068   903,482    67,004    87,822   372,847   146,886   176,563
99996   2005-05   935,686    80,945    97,368   380,717   122,749   162,620   934,063    59,501    77,958   380,336   134,018   167,351
99996   2005-04   818,359    85,431    93,325   410,171   111,678   173,249   788,650    78,461    75,499   406,036   117,877   175,764
99996   2005-03   920,441    88,935   114,152   401,149   128,192   196,598   886,278    81,431    93,334   398,402   134,887   211,681
99996   2005-02   834,082    85,023   110,189   335,446   120,494   155,118   789,537    70,507    79,153   334,156   120,875   170,214
99996   2005-01   780,610    87,482    89,681   329,340   108,095   135,125   747,658    62,087    71,650   316,730   109,806   140,584
99996   2004-12   763,555    74,481   117,597   352,844   118,920   143,604   755,201    47,874    76,649   344,905   127,213   157,689
99996   2004-11   844,569    94,787   110,037   356,270   122,588   151,624   810,847    66,989    83,848   342,528   126,585   159,401
99996   2004-10   698,172    82,829    90,198   322,610   123,141   131,727   678,969    60,891    70,458   319,707   128,735   141,929
99996   2004-09   788,602    79,263   109,666   273,164   114,847   113,329   771,563    70,837    64,608   276,510   140,256   117,824
99996   2004-08   769,582    87,388    87,441   262,735   109,220   124,465   756,187    69,897    62,678   265,044   116,798   125,255
99996   2004-07   647,974   122,036    97,335   335,518   105,341   129,316   635,323   102,764    68,830   328,097   115,105   138,432
99996   2004-06   713,758   110,425    94,826   314,560   109,716   140,360   668,411    96,600    67,437   310,822   110,787   148,618
99996   2004-05   769,294   125,805    87,444   329,686   109,317   143,286   740,652   106,591    66,933   335,189   110,615   149,741
99996   2004-04   815,613   121,181    90,132   348,557   108,725   151,946   765,253    95,084    71,138   348,081   102,695   161,799
99996   2004-03   803,376   117,318   114,383   358,378   156,701   172,807   752,161   117,942    87,874   368,130   155,860   170,872
99996   2004-02   662,429   102,346    91,047   301,834   135,809   134,384   636,271    82,005    71,286   299,743   143,999   140,100
99996   2004-01   659,121    91,522    81,309   305,887   144,718   127,228   613,128    65,506    70,176   294,811   148,267   137,386
99996   2003-12   589,382    66,072    79,598   283,779   113,545   114,809   561,493    51,005    59,581   270,786   107,674   121,505
99996   2003-11   577,741    65,405    85,480   257,717   105,035   122,075   542,189    56,160    56,915   248,935   112,558   125,008
99996   2003-10   755,416    88,182    88,884   305,947   134,101   143,321   744,914    76,860    68,193   307,298   144,626   154,957
99996   2003-09   712,998    91,905    84,549   262,914   137,905   122,756   706,252    92,033    64,345   269,103   125,987   135,565
99996   2003-08   824,804   115,019    74,199   252,767    97,982   103,466   808,053   106,342    57,635   241,022    95,155   117,928
99996   2003-07   802,093   133,264    85,792   266,737   139,310   119,903   751,397   121,030    59,720   276,273   127,845   128,437
99996   2003-06   759,496   142,242    92,129   311,508   131,808   114,994   719,945   134,323    71,063   302,211   137,492   121,210
99996   2003-05   744,699   142,161    91,872   273,601   131,966    95,410   702,914   116,467    64,494   266,951   128,708   107,182
99996   2003-04   516,360   114,599    74,534   233,502   104,507    96,763   507,695    96,638    52,483   229,036   101,066    94,495
99996   2003-03   664,772   209,796    84,614   237,095   139,890    91,679   637,891   195,087    57,707   234,286   140,046    96,617
99996   2003-02   535,880   129,951    64,848   201,798   103,009    84,371   539,090   120,571    52,060   203,875    91,146    88,449
99996   2003-01   517,876   141,693    73,424   216,867   118,224    95,017   516,104   117,973    49,984   219,719   112,933   101,798
99996   2002-12   487,979   144,537    62,822   223,227   116,255    89,226   474,500   128,735    49,644   220,042   121,236    91,848
99996   2002-11   662,526   164,459    93,992   264,363   136,226   101,915   641,463   146,067    71,797   257,887   133,992   102,889
99996   2002-10   655,578   147,403    69,768   297,196   121,725   100,763   649,492   125,208    59,993   293,577   114,860   106,919
99996   2002-09   674,601   153,124    55,478   206,763   126,078    87,083   652,931   132,067    51,604   213,226   125,014    86,318
99996   2002-08   688,585   156,965    63,949   257,270   112,167    92,759   684,238   139,551    49,457   252,658   113,916    89,681
99996   2002-07   733,113   164,425    56,690   318,232   120,870   139,362   708,755   152,609    52,772   308,575   113,148   126,011
99996   2002-06   570,020   133,771    70,749   256,039   118,968   111,896   555,697   121,707    49,788   252,020   113,394   116,813
99996   2002-05   658,689   139,430    80,191   282,362   125,354   113,650   648,162   121,063    53,547   282,677   118,029   121,465
99996   2002-04   563,822   145,612    71,798   279,834    99,876   115,294   572,656   121,189    53,947   272,090    99,482   118,441
99996   2002-03   583,760   137,443    82,434   293,998   109,872   116,719   564,428   117,883    55,902   287,126   102,541   111,045
99996   2002-02   455,826   115,033    53,809   267,128    90,167    95,609   446,978   108,685    46,171   264,938    87,915    98,287
99996   2002-01   529,951   125,770    59,067   263,348    94,681   103,518   545,229   118,063    43,815   254,755   100,220    99,570
99996   2001-12   375,852   125,184    52,470   239,276    69,992    88,033   367,035   116,555    38,810   225,992    70,938    96,988
99996   2001-11   589,043   120,631    66,364   241,311    96,131   108,043   576,681   106,558    49,581   228,139    97,235   105,248
99996   2001-10   487,602   125,029    67,432   255,679    94,591   105,799   471,879    97,752    53,841   248,418    95,345   108,896
99996   2001-09   388,087   110,430    45,728   193,492    87,083    99,588   389,221   102,602    35,546   205,024    76,757    97,257
99996   2001-08   426,754    99,946    57,739   247,297    88,714    96,415   421,918    87,910    45,028   239,594    78,179    98,520
99996   2001-07   382,161    85,388    54,013   244,887    91,585   114,292   393,655    72,912    39,086   233,412    85,956   120,632
99996   2001-06   391,897    91,203    66,954   259,622   101,950   119,764   395,342    74,297    51,928   249,184   100,902   126,306
99996   2001-05   464,403    85,083    84,445   276,905   101,383   135,478   461,327    78,133    51,013   259,584    99,116   143,225
99996   2001-04   434,782    88,033    60,897   249,736    93,824   120,555   448,493    72,563    39,167   243,109    88,341   124,998
99996   2001-03   446,523   104,309    65,541   284,280   115,671   132,858   441,626    84,765    38,838   276,852   116,966   142,592
99996   2001-02   409,898    80,292    67,337   258,218   102,395   129,789   402,684    70,765    37,836   248,783   101,160   133,220
99996   2001-01   470,728    86,121    52,121   300,629   116,783   147,050   479,355    72,847    38,412   276,851   118,705   149,895
99996   2000-12   336,144    75,999    43,126   286,161    83,713   135,417   345,933    66,069    24,074   275,034    84,904   139,425
99996   2000-11   303,634    72,605    42,353   284,909    94,817   141,601   317,740    54,262    23,334   275,855    86,625   136,598
99996   2000-10   352,223    64,319    38,941   339,995    98,505   152,872   355,212    46,133    25,553   323,659   102,176   150,257
99996   2000-09   287,803    64,605    41,779   297,677    92,190   148,564   296,610    48,208    28,017   289,118    91,906   138,797
99996   2000-08   261,003    61,079    46,729   286,819    74,848   142,850   261,116    44,768    24,746   262,546    77,577   142,526
99996   2000-07   238,870    53,485    34,095   271,572    68,404   136,467   244,931    43,307    23,703   255,999    74,944   151,958
99996   2000-06   291,954    53,146    54,173   300,356    82,907   152,855   309,886    46,677    28,438   282,563    77,255   156,681
99996   2000-05   330,778    57,950    31,810   268,500    79,214   146,598   337,796    44,079    24,133   262,187    74,611   138,292
99996   2000-04   335,420    61,185    27,370   309,778    63,921   154,830   320,900    52,168    18,683   306,474    63,129   154,805
99996   2000-03   374,673    59,366    46,816   402,373    84,033   179,305   391,544    44,622    32,021   378,141    87,809   187,574
99996   2000-02   415,262    59,708    38,604   293,110    74,194   176,332   409,699    45,976    23,479   265,365    76,366   184,949
99996   2000-01   342,747    45,483    33,660   263,946    62,186   134,494   333,176    39,819    19,147   253,365    65,684   133,411
99996   1999-12   244,912    25,073    31,658   256,414    52,227   125,953   240,270    20,018    21,303   247,460    48,355   127,460
99996   1999-11   358,756    40,178    33,796   240,329    59,650   129,534   362,371    32,182    18,650   221,911    60,162   125,718
99996   1999-10   305,910    48,080    32,446   218,983    62,533    96,523   315,643    38,810    16,310   211,213    63,853   104,729
99996   1999-09   318,692    43,599    32,490   175,193    66,661    97,384   318,602    33,707    15,193   171,908    65,529    96,559
99996   1999-08   398,104    39,952    25,055   178,051    70,061    91,801   378,986    34,432    12,229   165,889    76,482    91,203
99996   1999-07   335,265    39,295    37,132   187,705    63,975   106,244   341,501    31,792    16,190   179,386    68,752   108,442
99996   1999-06   378,389    41,299    26,961   179,791    79,013    97,622   378,998    36,271    15,926   167,885    70,168    91,402
99996   1999-05   397,876    36,732    29,826   185,647    72,372    86,345   392,238    30,170    18,975   177,130    72,871    83,890
99996   1999-04   347,181    41,749    28,295   222,903    73,376    98,607   350,452    30,486    17,030   205,311    78,523    93,104
99996   1999-03   418,560    42,645    34,543   179,803    76,129    95,302   417,028    30,831    21,500   176,841    74,419    93,519
99996   1999-02   405,890    42,014    33,155   159,703    66,198    74,004   420,513    38,319    17,868   155,565    66,453    70,948
99996   1999-01   378,603    45,384    23,335   156,137    56,072    77,984   381,489    36,782    17,126   152,638    58,376    74,689
99996   1998-12   290,260    33,741    25,327   139,208    56,845    69,585   279,711    26,222    15,046   134,651    61,529    68,741
99996   1998-11   448,427    54,512    27,245   126,268    55,542    70,048   422,971    44,857    15,547   119,169    56,459    72,792
99996   1998-10   531,532    77,009    31,710   145,591   102,202    90,509   533,725    82,656    22,847   142,835    86,222    82,467
99996   1998-09   554,963    64,765    35,921   137,424   152,881    89,590   560,233    64,873    27,828   147,901   149,497    83,481
99996   1998-08   494,430    41,459    25,083   129,477   135,075    68,228   510,181    37,842    20,585   129,537   133,789    63,847
99996   1998-07   380,965    44,021    33,366   152,834   118,921    82,415   383,152    41,766    22,712   150,317   115,840    85,922
99996   1998-06   456,258    38,153    35,287   135,701   148,806    83,250   454,701    31,361    20,705   133,855   159,901    81,809
99996   1998-05   403,694    31,779    33,765   129,562   110,397    81,280   382,199    28,645    24,641   121,357   113,071    84,469
99996   1998-04   374,585    37,864    39,394   134,177   118,339    80,791   369,724    30,248    22,198   130,628   130,416    82,918
99996   1998-03   426,977    35,345    34,913   136,184   128,482    81,370   431,429    25,502    25,193   122,769   133,020    83,255
99996   1998-02   375,861    35,886    31,547   106,988   100,027    68,852   366,118    27,750    22,795    97,501   105,020    70,124
99996   1998-01   416,203    29,850    27,704   100,282   100,733    63,651   410,972    25,860    19,235    93,156   100,835    63,532
99996   1997-12   320,492    25,702    26,522   103,667   114,979    70,462   329,890    22,865    20,309    98,137   118,191    69,025
99996   1997-11   352,968    28,563    23,659    96,441   112,036    73,525   337,059    29,121    19,672    90,969   116,902    71,818
99996   1997-10   506,334    26,126    31,808   122,428   157,818    81,073   489,152    18,251    25,936   122,680   158,825    83,946
99996   1997-09   397,027    22,110    28,177    96,182   117,264    66,853   381,527    20,338    20,773    87,422   124,897    65,369
99996   1997-08   450,374    30,814    31,375    99,175   120,659    63,701   425,892    23,131    24,942    91,623   126,491    71,621
99996   1997-07   385,918    27,542    34,717    95,664   130,491    70,898   382,923    21,728    24,058    84,655   141,620    78,838
99996   1997-06   442,216    18,700    37,181    90,807   113,892    67,498   419,719    16,844    27,170    81,104   127,945    73,344
99996   1997-05   410,623    16,121    28,052    88,077   119,586    59,202   403,772    12,993    21,288    81,731   120,648    63,009
99996   1997-04   400,424    16,276    23,952    75,469   116,824    50,385   374,769    10,089    18,112    68,729   111,149    54,503
99996   1997-03   384,664    13,331    27,786    73,254   128,810    51,033   364,582     9,604    22,559    71,756   131,907    55,359
99996   1997-02   419,611    15,948    31,373    75,562   109,261    53,679   394,342    10,628    22,015    71,190   110,934    59,001
99996   1997-01   394,494    18,063    26,271    81,232   110,111    47,709   377,347    13,851    19,681    78,365   110,366    51,124
99996   1996-12   378,503    15,683    24,864    54,030    98,291    41,265   334,231    12,619    17,249    53,439   109,424    46,958
99996   1996-11   361,830    18,959    25,703    62,341   103,522    46,049   344,627    12,366    19,055    59,970   106,675    48,307
99996   1996-10   396,819    14,221    24,915    54,427   116,431    39,643   372,698    10,303    17,509    53,633   122,436    42,143
99996   1996-09   365,691    11,320    24,621    39,634   112,406    30,837   352,261     7,203    15,007    39,731   117,845    32,646
99996   1996-08   265,554    11,671    19,690    42,886    84,114    33,434   254,578     7,172    11,400    40,937    89,563    34,961
99996   1996-07   329,200     9,054    16,883    47,225    80,566    37,169   283,809     4,736    10,761    50,971    84,720    41,845
99996   1996-06   223,775    12,186    21,441    40,993    82,586    36,254   215,205     7,938    15,851    39,695    85,571    44,619
99996   1996-05   269,234    11,911    21,796    54,304    82,224    42,834   255,135     8,600    13,682    52,888    83,057    46,056
99996   1996-04   219,052     7,157    15,597    50,585    81,138    37,254   207,666     6,088    10,290    46,687    81,697    44,009
99996   1996-03   260,703     8,163    22,372    51,940    93,057    35,684   249,062     7,889    13,959    51,178    99,091    45,948
99996   1996-02   327,247    11,912    19,332    50,372    95,095    36,948   309,267     8,233    13,478    48,907    96,373    42,654
99996   1996-01   285,332     8,884    15,618    41,977    84,605    32,994   272,160     6,251    10,848    40,167    88,952    39,487
99996   1995-12   196,701     9,401    12,619    46,479    80,367    32,369   206,045    11,144     9,973    44,372    84,339    38,971
99996   1995-11   252,151    12,130    19,512    42,003    78,661    30,317   236,692     8,140    12,601    39,071    85,152    32,035
99996   1995-10   255,986    10,818    15,655    41,492    76,922    29,382   251,319     9,468     9,731    42,860    84,981    34,868
99996   1995-09   235,545    12,474    15,713    44,450    81,034    28,715   246,603     7,389    10,370    44,218    86,549    36,675
99996   1995-08   274,042    11,885    12,905    41,908    71,373    30,871   247,960     7,441     9,300    39,366    75,284    36,827
99996   1995-07   239,382    10,970    12,941    42,444    67,194    28,586   207,511     8,253     6,696    40,009    71,343    36,775
99996   1995-06   294,719    11,448    16,491    45,445    96,268    29,131   272,088     8,841     9,994    43,219   103,694    33,547
99996   1995-05   293,589     9,458    13,372    38,781    75,222    29,239   279,074     7,774     8,857    36,099    79,726    32,917
99996   1995-04   181,310     7,470    10,693    30,100    53,644    24,519   174,910     5,384     8,727    29,232    54,467    26,657
99996   1995-03   256,520    10,332    15,058    35,342    79,173    28,928   247,309     7,763    10,125    37,662    80,068    31,787
99996   1995-02   265,180     9,654    13,155    29,476    61,402    27,161   251,077     7,711     8,643    29,695    63,252    28,276
99996   1995-01   236,033     9,413     9,966    25,030    68,281    26,322   226,455     7,416     5,210    25,907    69,091    26,496
99996   1994-12   186,425     9,294     9,388    28,094    66,608    26,332   174,673     7,254     7,448    29,727    66,298    28,693
99996   1994-11   242,156    10,390    11,957    28,696    62,540    28,444   229,041     7,404     8,027    27,653    66,036    30,991
99996   1994-10   209,478     9,906     9,982    27,811    58,647    29,867   199,251     9,082     7,513    29,852    63,986    34,294
99996   1994-09   209,042     9,116    10,142    28,819    67,329    37,791   197,100     9,914     7,086    30,463    67,963    37,271
99996   1994-08   272,689    11,970    11,329    29,179    60,265    30,837   256,658     9,330     6,453    26,365    60,007    35,213
99996   1994-07   165,126    14,163     9,846    24,289    54,456    29,717   164,117    12,082     6,946    25,119    57,234    32,857
99996   1994-06   221,934    15,712    15,500    27,016    66,949    30,676   225,979    12,703     7,707    29,261    64,904    36,897
99996   1994-05   279,925    15,264     9,089    25,615    62,317    30,719   260,445    11,899     8,561    24,286    59,673    34,726
99996   1994-04   191,406    18,732    10,688    29,261    67,624    33,035   206,061    19,153     8,177    31,075    71,297    35,336
99996   1994-03   252,158    16,472    13,764    35,905   114,961    37,742   253,129    15,779     9,311    35,740   104,522    43,941
99996   1994-02   268,972    12,553     9,639    33,817    86,385    37,700   256,094    10,927     7,268    30,348    88,719    45,234
99996   1994-01   211,831    15,698     8,743    32,091    80,287    33,246   209,793    12,063     7,578    28,827    86,953    38,724
99996   1993-12   157,393    15,399    12,347    32,766    72,875    31,023   156,862     9,363     7,947    28,293    82,782    37,527
99996   1993-11   271,648    17,732    10,860    31,924    77,469    28,418   256,425    12,532     9,013    28,755    76,052    35,105
99996   1993-10   217,042    13,870    14,356    32,629    66,462    24,754   212,991    10,232     9,168    28,072    72,665    32,250
99996   1993-09   237,560    13,207    11,846    23,905    69,701    21,410   248,420     7,694     8,598    23,033    82,265    26,776
99996   1993-08   263,690    11,203    11,222    26,133    63,342    20,381   249,710     8,756     7,631    23,693    69,143    29,074
99996   1993-07   187,166    13,002     9,736    24,441    60,311    19,635   189,037    11,194     9,536    25,046    72,722    26,111
99996   1993-06   234,513    11,726    12,365    24,310    62,063    18,601   240,211     7,878     8,947    23,467    71,104    24,282
99996   1993-05   184,226    10,508     8,817    23,094    53,415    16,415   185,385     7,068     8,446    22,308    55,956    20,415
99996   1993-04   190,158     7,970    13,005    25,121    55,458    19,435   185,792     6,294     9,473    25,452    59,017    23,442
99996   1993-03   253,984    13,147    12,110    27,060    71,154    17,482   247,406    13,621     9,644    24,614    76,022    21,465
99996   1993-02   238,511    11,306    10,883    28,764    55,135    15,121   240,540    10,218     8,765    25,993    64,531    16,659
99996   1993-01   173,164    10,027     7,180    19,517    38,567    12,815   172,724     8,819     6,987    19,360    44,070    15,075
99996   1992-12   136,659     9,959     9,290    22,740    42,350    12,782   136,645     8,663     6,941    20,390    45,468    17,188
99996   1992-11   202,967    10,388     7,695    17,708    57,261    11,687   185,336     7,930     8,352    16,426    59,521    15,355
99996   1992-10   189,828    10,751     8,558    18,794    54,421    12,478   186,284     7,523     7,716    18,145    55,893    16,742
99996   1992-09   187,909     8,230     8,892    13,869    51,559    13,636   193,922     7,564     6,813    17,023    50,391    16,535
99996   1992-08   206,513    10,711     8,923    13,175    47,125     9,785   200,060     9,831     6,792    14,828    47,598    12,733
99996   1992-07   225,050     8,807     9,392    18,537    45,073    13,502   226,911     8,907     7,431    18,754    49,103    16,748
99996   1992-06   185,252     7,498     9,197    16,557    41,611    14,650   170,796     5,415     6,982    17,569    43,086    14,600
99996   1992-05   159,031     9,030     8,514    18,694    34,947    13,917   166,957     7,098     6,136    18,623    37,152    14,837
99996   1992-04   172,638     9,413     7,325    17,560    31,261    11,376   166,079     6,748     4,923    18,062    32,503    13,674
99996   1992-03   192,563     9,361     8,061    18,910    34,860    13,049   202,029     7,676     6,912    19,468    35,122    15,833
99996   1992-02   170,115     8,421    10,020    21,472    34,780    10,657   165,483     7,723     7,438    21,252    34,459    12,951
99996   1992-01   213,012     8,617     7,869    23,351    38,341    12,532   201,747     7,817     6,511    25,963    38,898    15,114
99996   1991-12   156,131     8,419     6,735    14,714    27,130    11,027   151,456     6,810     5,537    17,440    28,266    12,873
99996   1991-11   174,909     8,181     7,847    20,589    31,103    13,217   169,443     6,065     7,011    19,590    30,147    15,250
99996   1991-10   179,125     5,768     7,093    17,392    34,890    11,424   178,511     5,716     5,032    16,958    39,551    13,831
99996   1991-09   162,552     7,782     6,714    12,918    24,522    10,015   166,613     6,128     6,184    13,662    25,369    12,213
99996   1991-08   191,140     7,233     7,761    18,112    22,414     9,685   189,909     5,649     5,183    16,318    24,877    13,238
99996   1991-07   153,833     4,613     5,821    16,523    22,542    10,276   152,687     3,548     4,281    15,431    23,298    13,488
99996   1991-06   126,864     5,547     6,775    17,402    19,917    10,094   132,584     4,389     4,490    16,278    21,948    13,721
99996   1991-05   190,212     5,395     8,942    19,222    22,132     8,702   174,988     4,837     7,231    15,883    22,635    12,070
99996   1991-04   170,256     2,355     7,998    20,591    20,914     8,051   168,575     2,730     6,366    17,433    21,224    10,615
99996   1991-03   151,763     5,008     9,806    21,769    40,247    11,166   167,249     3,983     6,676    19,439    41,229    14,666
99996   1991-02   196,727     3,066     5,385    21,712    37,193    10,638   185,186     3,955     5,402    20,619    39,183    13,894
99996   1991-01   164,302     3,794     5,059    10,263    27,307     6,302   160,750     3,107     5,627    11,065    27,413     6,706
99996   1990-12   135,812     4,499     5,717    13,316    33,391     7,268   130,188     3,560     4,330    14,573    38,376     9,368
99996   1990-11   170,918     4,648     6,557    12,557    32,896    10,061   164,957     3,360     4,699    13,373    32,739     8,993
99996   1990-10   158,915     4,211     4,641    11,635    35,240     9,255   160,194     3,290     4,384    15,438    38,060     9,636
99996   1990-09   121,126     3,497     3,901     8,809    25,700     7,523   119,150     4,431     4,957    11,323    26,257     7,072
99996   1990-08   192,974     5,249     6,603    20,913    30,090    12,367   188,578     5,995     7,010    22,227    29,675    12,552
99996   1990-07   148,861     4,008     6,838    17,473    23,373    11,439   143,720     2,857     5,352    16,070    23,941    12,592
99996   1990-06   133,310     4,661     7,838    18,198    25,780    11,070   129,812     3,818     4,789    18,522    27,621    14,078
99996   1990-05   148,646     4,378     4,112    15,242    25,962     9,859   151,684     3,363     3,411    17,675    27,648    12,428
99996   1990-04   139,916     4,613     3,751    11,461    20,457     8,421   136,664     4,998     3,063    12,326    22,012     9,342
99996   1990-03   133,654     4,473     4,844    16,441    22,540    11,822   142,950     4,215     4,811    19,031    31,982    11,953
99996   1990-02   163,833     5,688     4,539    13,554    21,010    10,531   162,972     4,313     3,901    13,765    20,792    11,550
99996   1990-01   171,151     5,359     4,139    13,695    18,668    13,025   170,330     4,819     3,102    14,098    17,953    12,298
99996   1989-12   127,788     6,010     7,693    15,605    18,545     9,914   127,070     4,375     4,966    16,885    18,819    12,318
99996   1989-11   187,127     4,998     6,136    13,833    20,470    10,385   178,972     3,230     3,538    14,951    19,987    10,986
99996   1989-10   204,753     6,089     4,843    22,364    21,268    11,475   207,259     3,237     3,934    20,993    21,906    13,067
99996   1989-09   151,208     3,574     5,030    20,119    18,435     9,892   146,591     2,431     4,806    17,193    20,184    10,315
99996   1989-08   224,582     5,540     5,405    22,128    24,110     9,704   202,554     4,033     5,372    20,959    23,132    11,266
99996   1989-07   205,335     3,479     6,373    17,197    20,703     8,128   206,647     3,141     4,534    15,415    21,691     8,568
99996   1989-06   221,419     3,643     7,230    24,430    21,089     9,350   226,723     3,082     6,242    20,671    22,634    11,817
99996   1989-05   189,260     2,473     5,882    17,928    17,323     8,067   181,925     2,982     5,923    16,868    17,420     9,270
99996   1989-04   143,115     4,441     5,308    14,138    15,572     7,241   143,128     2,677     2,663    14,278    15,770     8,373
99996   1989-03   149,788     4,450     6,002    15,881    23,527     9,538   141,143     3,515     3,608    15,488    24,164     9,925
99996   1989-02   152,710     3,797     5,812    18,486    18,739     8,725   143,714     1,899     2,915    18,536    19,173     8,843
99996   1989-01   140,192     2,959     3,185    11,963    14,994     7,430   137,346     1,756     3,102    11,893    15,384     8,163
99996   1988-12    94,950     2,834     5,606    11,238    20,680     7,486    94,638     1,610     2,853    12,485    22,452     8,600
99996   1988-11   133,022     2,485     5,165    11,983    21,615     7,755   124,374     1,976     2,819    11,875    20,988     8,015
99996   1988-10   133,482     2,792     4,760    13,239    20,619     6,113   131,288     2,044     2,724    14,859    21,559     6,357
99996   1988-09   124,508     3,028     4,422    11,979    25,451     5,114   126,442     1,957     3,626    12,571    25,931     5,189
99996   1988-08   137,844     1,457     4,509    17,373    17,253     6,026   138,222     1,230     2,964    16,712    17,705     6,231
99996   1988-07   114,619     2,368     5,909    19,214    19,562     7,148   113,703     2,204     2,860    18,389    20,088     7,281
99996   1988-06   180,215     2,939     5,402    20,024    17,137     6,436   182,377     1,699     2,891    19,692    17,809     6,623
99996   1988-05   123,070     3,293     4,517    13,668    15,163     5,986   112,008     2,015     1,685    14,746    14,373     5,133
99996   1988-04   113,098     2,396     3,222    15,107    15,617     5,822   109,663     2,263     2,170    13,718    15,741     5,488
99996   1988-03   140,787     2,904     4,896    18,079    16,587     6,727   130,806     2,306     3,288    18,506    17,831     7,455
99996   1988-02   157,300     2,692     3,759    16,351    16,005     5,741   145,185     2,759     3,281    16,729    17,312     6,425
99996   1988-01   107,482     2,222     2,803    12,929    12,833     5,003   102,837     2,610     2,583    12,904    14,166     4,519
99996   1987-12    84,420     3,415     3,240    13,627    12,331     4,905    81,913     2,348     3,084    16,630    13,819     4,064
99996   1987-11   111,189     2,802     2,913    13,627    17,753     7,607   104,809     2,619     2,769    20,325    19,751     6,898
99996   1987-10   127,873     3,828     5,330    30,244    18,119    12,994   129,106     3,214     4,071    27,784    20,715    10,906
99996   1987-09   109,549     3,502     5,160    22,529    13,031     8,829   109,026     2,687     2,242    19,455    13,712     8,349
99996   1987-08   112,731     2,673     4,426    24,807    12,378     8,801   111,621     2,608     3,089    24,579    12,631     9,199
99996   1987-07   113,038     3,441     5,972    23,665    16,380     8,731   112,230     2,880     3,659    21,903    16,996     8,826
99996   1987-06   146,198     4,371     6,060    18,698    25,839     8,874   133,917     3,786     4,530    17,067    23,589     9,176
99996   1987-05   106,449     2,771     6,077    19,649    20,179     8,098   106,733     2,410     4,448    15,972    21,410     7,490
99996   1987-04   115,258     2,999     6,859    20,788    19,071     7,220   118,454     2,918     3,602    17,451    19,900     8,477
99996   1987-03   133,222     4,375     7,752    23,085    16,662     7,154   126,230     4,843     3,435    18,031    17,330     7,935
99996   1987-02   100,815     4,052     4,253    20,748    15,858     7,253   100,666     3,094     2,793    17,663    15,937     7,850
99996   1987-01    76,705     4,598     4,710    17,654    11,489     4,992    77,156     4,374     2,811    15,989    11,248     5,207
99996   1986-12    83,425     3,773     8,207    14,100    16,414     4,573    82,478     3,244     4,498    12,320    16,888     4,525
99996   1986-11    70,351     4,101     5,177    12,033    12,712     4,110    72,773     2,795     3,317    12,086    13,467     3,779
99996   1986-10    87,881     3,195     6,387    10,979    16,301     6,026    85,777     2,908     2,651    12,300    14,243     5,039
99996   1986-09    88,113     3,935     6,300    12,218    15,291     4,929    84,042     3,565     2,097    10,968    17,690     4,399
99996   1986-08    90,288     3,164     6,406    12,050    14,141     4,447    90,231     2,691     2,722    10,598    13,079     4,606
99996   1986-07    85,799     3,775     5,167    13,276    13,671     4,238    86,875     3,131     2,633    11,261    13,305     3,811
99996   1986-06    87,390     2,817     6,144    11,177    15,864     4,037    84,500     1,711     4,020    10,832    14,207     4,027
99996   1986-05    80,847     2,428     9,679    13,245    13,613     3,413    83,664     1,885     3,415    10,388    13,425     3,673
99996   1986-04   127,686     3,696     9,791    15,414    15,409     4,285   118,068     3,294     5,678    11,468    16,671     5,993
99996   1986-03   112,884     2,731     9,801    13,596    12,754     3,664   102,770     2,131     5,347    10,706    15,849     5,050
99996   1986-02    92,375     2,172     7,158    10,650    10,843     2,923    92,985     1,411     3,610     8,870    11,826     3,691
99996   1986-01    77,289     1,318     5,652     9,377     9,979     2,504    80,776     1,361     2,402     7,597    10,028     2,408
99996   1985-12    64,816     2,226     7,464    11,179     8,437     2,746    58,014     1,930     2,548     9,024     8,546     3,164
99996   1985-11    53,554     2,591     9,817     8,414     8,997     2,160    52,386     1,781     2,439     7,143     8,725     2,463
99996   1985-10    36,340     2,137     5,213     7,406     8,535     2,012    36,725     1,274     1,449     6,741     9,299     2,052
99996   1985-09    43,202     2,450     4,973     4,803     6,835     1,564    36,656     2,072     1,515     4,692     7,250     1,782
99996   1985-08    40,360     1,995     3,514     6,371     6,959     1,689    43,722     2,006     1,709     5,721     6,649     1,910
99996   1985-07    50,277     3,029     5,439     7,207     7,203     1,590    45,457     2,122     2,110     6,559     7,750     2,180
99996   1985-06    36,951     1,703     3,580     6,479     6,726     1,638    31,237     1,535     2,354     6,060     7,096     1,808
99996   1985-05    45,229     2,128     4,603     6,517     7,472     1,767    41,984     1,693     1,937     6,419     8,522     1,670
99996   1985-04    39,922     1,461     2,959     5,132     5,170     1,446    35,610     1,289     1,731     4,997     5,865     1,592
99996   1985-03    20,954     1,344     4,143     6,340     4,507     1,396    25,343     1,365     1,221     6,768     5,506     1,858
99996   1985-02    29,721     1,952     5,964     7,107     5,132     1,618    27,391     1,526     1,760     7,168     4,929     2,300
99996   1985-01    37,261     1,945     3,959     5,040     5,244     1,234    34,853     2,027     1,062     5,763     5,075     2,024
99996   1984-12    31,278     1,689     4,759     4,498     4,897     1,170    23,771     1,434     1,504     5,056     6,030     1,400
99996   1984-11    30,939     1,634     3,342     4,837     6,153     1,145    28,709     1,329     1,315     4,774     6,752     1,333
99996   1984-10    31,704     1,654     5,444     4,741     4,394     1,334    28,765     1,634     1,513     5,489     5,622     1,676
99996   1984-09    12,928     1,419     1,961     4,060     4,104       923    16,730     1,261       827     4,910     4,580     1,269
99996   1984-08    25,989     1,316     1,661     7,301     5,498     1,246    19,330     1,268     1,057     7,412     5,636     1,745
99996   1984-07    22,825     2,004       999     3,384     4,229       907    21,073     1,742       750     4,007     4,059       800
99996   1984-06    16,120     1,147       821     4,559     5,164     1,139    16,445     1,004       760     4,919     4,994     1,171
99996   1984-05    16,917     1,003       590     4,843     5,136     1,195    15,481       899       536     5,378     5,827     1,144
99996   1984-04    12,182     1,132       589     4,364     3,880     1,290     9,878     1,196       664     4,056     4,171     1,309
99996   1984-03     7,814     1,388       948     5,900     5,021     1,655     8,340     1,539       492     5,481     5,007     1,510
99996   1984-02    12,624     1,361       636     6,062     4,065     1,548    12,068     1,142       785     5,656     4,066     1,198
99996   1984-01    15,021     1,098       701     5,282     3,479     1,264    14,248     1,220       525     5,677     3,206     1,362
99996   1983-12     7,216       931       767     6,007     3,076     1,132     7,846       851       645     5,736     3,960     1,320
99996   1983-11    11,193     1,336       703     4,848     3,117       914    12,595       807       497     4,789     2,946       940
99996   1983-10    15,149     1,765       772     5,530     3,906     1,150    12,787     1,757       740     5,380     4,106     1,157
99996   1983-09    13,729     1,305       595     5,499     3,760     1,333    12,596     1,506       461     5,103     3,771     1,409
99996   1983-08    12,781     1,199       977     5,185     2,837     1,040    14,154     1,157       839     5,154     3,203     1,250
99996   1983-07     6,431       762       677     5,733     2,565       982     8,105       811       652     5,198     2,754     1,470
99996   1983-06    10,172       842       704     6,852     3,333     1,397     8,609       909       839     6,457     3,095     1,997
99996   1983-05    13,953     1,120     1,338     6,617     2,667     1,081    11,330     1,140     1,149     6,352     3,504     1,723
99996   1983-04     6,864     1,206     1,069     5,931     2,564       978     8,007     1,113       772     5,340     3,088     1,522
99996   1983-03    12,556     1,360       950     7,076     2,814     1,198     9,950     1,556       891     6,153     3,329     1,631
99996   1983-02    10,227     1,063       688     5,317     3,097     1,044     9,632     1,153       644     4,341     3,361     1,268
99996   1983-01     9,412     1,157       714     5,166     2,600     1,032     8,643     1,304       906     4,357     2,462     1,359
99996   1982-12     9,147     1,050     1,011     5,843     2,490       923     7,981     1,303     1,137     4,918     2,894     1,200
99996   1982-11    12,296     1,003     1,051     5,580     2,514       771    11,488     1,225       994     5,239     2,874     1,509
99996   1982-10     8,587     1,280     1,535     5,928     2,614       706     6,885     1,235     1,566     5,671     4,052     1,014
99996   1982-09     9,710     1,020     1,294     4,301     2,755       545     7,369     1,080     1,156     4,397     3,877       705
99996   1982-08    10,725       552       928     3,190     3,012       532     9,861       810       925     2,647     4,410       523
99996   1982-07     7,084       928       776     2,704     1,882       455     5,101       999       634     2,691     2,607       409
99996   1982-06     7,188       721       762     2,167     1,678       616     6,825       549       598     1,868     2,432       542
99996   1982-05     7,101       804     1,223     2,622     2,755       486     6,079       713       490     2,186     2,321       605
99996   1982-04     6,235       979     1,239     2,360     2,205       385     4,782       714       840     2,108     2,253       452
99996   1982-03     7,686       792       815     2,642     2,519       696     5,673       825       683     2,510     3,110       668
99996   1982-02     6,477       479       450     2,525     1,518       521     4,159       533       403     1,989     1,646       487
99996   1982-01     3,757       505       442     2,020     1,226       526     2,471       487       291     1,756     1,334       390
99996   1981-12     6,833       558       649     2,942     1,989       707     6,069       573       485     2,742     2,759       654
99996   1981-11     9,735       465       634     2,694     2,298       635     7,801       671       637     2,497     4,256       765
99996   1981-10     4,351       760       416     2,841     1,553       601     2,876       839       364     2,793     1,663       641
99996   1981-09     5,689       847       493     2,864     1,023       828     4,433       611       474     2,327     1,277       624
99996   1981-08     4,977       642       556     3,157     1,082       838     3,177       596       324     3,210     1,121       825
99996   1981-07     4,125       930     1,001     3,465     1,514       902     2,976       582       274     3,265     2,194       843
99996   1981-06     7,212       954       984     4,483     1,508       907     5,946       953       498     3,419     1,992     1,062
99996   1981-05     5,130       507       391     4,105     1,290       872     4,416       473       196     2,866     1,502       837
99996   1981-04     4,739     1,128       383     4,030     1,124       857     4,371       510       233     3,306     1,755       969
99996   1981-03     7,161       980     1,064     3,965     1,712       775     5,636       956       286     3,319     1,832       969
99996   1981-02     5,192       802       598     2,723     1,316       717     3,423       658       205     2,313     1,276       716
99996   1981-01     3,316     1,056       506     3,419     1,144       701     2,281       643       230     2,798     1,384       682
99996   1980-12     5,754       566       381     4,324     1,787       723     5,557       602       248     3,678     1,569       798
99996   1980-11     4,017       947       246     4,442     1,257       927     3,352       739       164     3,550     1,162       801
99996   1980-10     4,015     1,077       515     4,426     1,654       796     3,335       527       212     3,905     1,865     1,148
99996   1980-09     6,675       301       344     3,570     1,233       695     4,923       317       150     3,316     1,347     1,262
99996   1980-08     3,078       577       510     3,509     1,375       605     3,845       403       187     3,302     1,666       811
99996   1980-07     4,168     1,046       689     3,112     1,732       664     3,477       564       334     2,803     1,411       744
99996   1980-06     7,484       868       996     2,560     1,639       495     5,725       825       326     2,401     2,259       676
99996   1980-05     2,436       849       435     1,984     1,487       457     3,113       890       368     1,967     1,766       558
99996   1980-04     2,427       936       723     1,987     1,077       402     3,337       892       251     1,728     1,095       443
99996   1980-03     3,746     1,062       216     2,745     1,186       680     3,977       619       220     2,382     1,165       678
99996   1980-02     3,543       616       337     4,482     1,382       819     3,200       449       151     3,368     1,453     1,254
99996   1980-01     3,826       879       311     3,158     1,283       635     2,433       337       211     2,470     1,333       872
99996   1979-12     4,673       365       598     2,389     1,147       406     4,129       350       345     2,216     1,472       537
99996   1979-11     3,299       549       176     1,889     1,094       365     4,395       654       259     1,700     1,438       449
99996   1979-10     5,270       620       249     2,442     1,234       467     4,638       430       214     2,411     1,278       665
99996   1979-09     2,632       233       215     2,090       850       420     1,977       143       148     2,030     1,634       760
99996   1979-08     4,810       504       226     2,393     1,611       377     4,216       409       270     2,235     2,219       499
99996   1979-07     5,099       649       220     1,790     1,020       391     3,549       402       234     1,775     1,440       404
99996   1979-06     2,211       739       383     1,872       955       402     1,891       557       261     1,788     1,531       421
99996   1979-05     2,342       488       376     1,573       841       555     3,266       677       246     1,394       826       493
99996   1979-04     3,380       399       195     1,621       903       369     2,748       206       171     1,528       883       363
99996   1979-03     2,073       352       241     1,958     1,195       332     1,563       300       186     1,448     1,240       329
99996   1979-02     1,929       213       240     1,397       956       232     2,551       281       265     1,269     1,321       260
99996   1979-01     3,549       409       232     1,368       856       303     3,480       566       159     1,309     1,378       255
99996   1978-12     1,037       589       306     1,438     1,015       232     1,543       445       119     1,102       975       244
99996   1978-11     2,960       220       217     1,461       856       360     2,736       184       342     1,359     1,318       197
99996   1978-10     4,219       419       309     1,521       924       299     2,809       338       192     1,523     1,612       318
99996   1978-09     2,516       289       321     2,357       774       261     1,877       282       268     2,115       735       330
99996   1978-08     2,853       398       471     2,446       990       383     2,427       266       224     2,680     1,189       331
99996   1978-07     2,663       679       371     1,306       941       333     2,173       261       370     1,297     1,284       323
99996   1978-06     2,965       416       255     2,094     1,110       247     1,695       188       122     1,938     1,746       308
99996   1978-05     2,982       266       514     2,394     1,020       272     3,278       171       193     1,966     1,063       284
99996   1978-04     1,798       162       149     1,864     1,237       407     3,377       160       186     1,150     1,723       262
99996   1978-03     2,627       420       183     1,414       819       337     1,756       450       201       922     1,436       223
99996   1978-02     2,360       344       230       826       597       280     2,082       249        99       762       789       167
99996   1978-01     3,380       325       134     1,024       818       255     1,899       259       119       909     1,454       152
99996   1977-12     2,330       154       179     1,235       885       291     1,467       146       159       945     1,224       232
99996   1977-11     4,803       626       129     1,281       593       214     1,728       120       116       899       921       180
99996   1977-10     4,968       695       241       973       786       247     1,415       174       150       752     1,069       141
99996   1977-09     4,548       280       233     1,012       681       168     1,112       270       194       847     1,335       138
99996   1977-08     4,988       388       315     1,023       799       169       992        51       235       900     1,821       232
99996   1977-07     1,643       439       465     1,373       729       157       436       134       150     1,163       933       422
99996   1977-06     3,253       709       324     1,202       594       167       927       244       191       950     1,372       228
99996   1977-05     1,986       281       332     1,210       561       198     1,098       162       140       978     1,426       211
99996   1977-04     2,739       427       451     1,142       510       153     1,794       107       137       906       578       197
99996   1977-03     3,064       156       190     1,105       573       182     1,559        80       144       976       660       249
99996   1977-02     2,673        69       476     1,167       555       129     1,377        64       164     1,032       941       237
99996   1977-01     1,632       132       258     1,430       776       179     1,122        44       263     1,131       858       198



